1708
0304
0785
0298
0403
1396
0453
0422
0411
1589
0437
0455
1460
1616
1090
0483
0611
1452
0498
0452
0561
0598
0406
0438
0348
0569
0767
0814
0513
1458
0580
1713
0278
0469
1377
0330
0601
0731
1958
0413
1612
0859
2011
0404
0666
0584
0237
0688
0454
0868
1011
1977
1557
1709
0708
1409
0727
1470
1575
0823
0867
0912
0856
1898
0807
1783
1849
1856
1906
1479
2009
1862
1159
1741
1187
1182
1712
1911
1247
1240
1661
2000
1812
2007
1853
1711
1968
1799
0821
0877
1746
0799
1786
1160
1929
0857
1655
1934
1092
1900
1620
1829
1981
1117
1724
0953
1019
1813
2001
1801
1429
1681
1874
1894
1522
1960
1443
1984
1892
1521
1586
1754
1274
2005
1367
1483
1449
1275
1570
1720
1346
1478
1946
1177
1950
2003
1776
1876
1676
1518
1872
1818
1996
1787
1868
1254
1132
1112
1015
1355
1292
1645
1924
1010
1797
1797
1885
1106
1882
0949
1991
1513
1682
1200
1947
1893
1238
1142
1488
2015
1063
1943
0800
1102
1281
1764
1877
2018
1726
0901
1852
1910
1851
1918
1230
1660
1542
1891
1904
1534
0691
1225
0794
0948
1807
0915
1178
1792
1956
1258
1216
1584
1819
0950
1823
0987
1883
1728
1227
1817
1686
1086
1995
0919
1623
0801
0749
1854
0934
1837
1351
1224
1691
1707
1282
0589
1804
1697
0765
1029
1312
0578
0459
1236
1590
1193
1407
1527
1825
1331
1427
1372
0981
1490
1879
0846
1880
1466
0349
1642
1850
1881
1538
1356
1761
1434
1231
0959
1262
0848
1870
1576
0360
0745
2017
0817
2021
1529
0362
1477
0398
0834
1378
1406
0327
1983
1148
1114
1302
1353
1480
0673
1279
1150
0631
0972
1304
1233
0736
1369
0754
1908
0423
1426
1569
1606
1213
1394
1467
1659
1919
1858
0415
0932
1496
0343
1748
1624
1136
0351
0616
1131
1169
1201
0951
1435
0462
0875
1033
1747
1357
1759
1286
1345
1848
1773
0982
1802
0630
0697
1155
0943
1763
0582
0303
0643
0450
1560
0902
0323
0338
1105
1448
0820
0639
1530
1777
0352
0870
0994
1583
1311
1603
1568
1845
0927
0758
1127
0797
0627
1091
0515
0720
0716
0999
1705
0345
1756
0835
0626
1082
0946
0704
1735
1936
0737
0701
1390
1370
0297
0585
1179
0998
1273
1949
1371
1684
0289
0493
0674
0121
0593
1326
1202
1941
1121
1381
0774
1912
1316
1828
1940
0747
1636
0886
1418
1418
1814
1740
1021
1672
1725
1116
1450
1278
1650
0828
1287
1506
1266
1948
1875
1903
1884
1588
1012
1733
1453
1341
1491
0847
1878
0976
1607
0734
1753
1442
1901
1199
1060
1907
1126
1954
0926
1161
1729
1600
1039
1582
0809
1648
1044
1914
1246
1619
1197
1905
1615
1622
1541
1689
1643
0973
1896
1750
1897
1769
1767
1307
1871
1860
1752
1462
1338
1938
1703
1100
1567
1965
0762
1366
1129
1502
1923
1293
1391
1154
1667
1256
1982
1902
2019
1840
1260
1821
1626
0995
1915
1838
1143
0996
1022
1239
1833
0945
1194
1928
1844
1310
1895
1336
0967
1062
1913
1638
1436
1379
0750
0936
1669
1363
0789
1869
1354
1070
1046
1203
1658
1207
1604
1430
1951
1824
1198
1718
1677
2010
1536
1188
1250
0806
0900
1571
1925
1313
1038
1909
1528
0858
1339
1859
1800
1710
1101
1248
1350
0882
1389
1758
1794
1794
1647
1635
1674
1842
1526
0881
0783
1762
1259
1004
1978
1808
1383
1095
1138
1252
0781
1013
1598
1955
2008
0782
0748
1083
1405
0929
1050
0681
0780
1206
1133
1803
1145
0818
1835
2020
0836
1594
1065
1531
1272
1045
1702
1489
0793
1277
1809
1572
1192
1432
1683
1614
1323
1561
1067
1308
0942
1810
1228
1325
1539
1605
1365
1439
1861
0810
0918
0880
1498
1456
1855
0911
0792
1257
1368
1173
1064
0935
1580
1403
1721
1749
1585
1428
1766
1505
1843
1111
1820
1596
1214
1704
1115
1122
0703
1469
1899
1917
0743
1822
1183
1103
1327
1511
1204
1223
1507
0784
0893
1525
0779
1084
1922
1299
1601
1564
1321
1152
1049
1253
1249
0715
1337
1668
1295
1465
1973
1866
1208
1738
1520
1846
1864
1700
0702
1268
0899
1484
1358
1087
1497
1595
0764
1457
1656
1562
1666
1001
1931
0958
0869
0744
1952
1057
1099
1717
1124
1857
1110
0712
1476
1163
1451
1873
1744
1959
1933
1009
1055
1930
0921
2014
1841
1290
0696
0355
1147
1886
1678
0933
0686
0394
0332
0384
1043
0369
0328
0597
0692
0892
0295
1144
1805
1639
1788
1630
1219
1153
1018
1847
1631
0980
1324
1120
1205
1770
1382
1431
1385
1217
1696
1916
1017
1222
1352
2016
1487
0954
1373
1237
0711
0577
0837
0850
1790
0282
0300
0509
0599
0866
0645
0465
1420
0312
0494
0361
0879
1301
1097
1641
0891
1695
0922
1921
1085
1306
0690
1094
1967
1162
1270
1796
1796
0314
1889
0274
1226
0637
0990
0838
1971
1035
0339
1574
0586
0614
0628
0371
0646
1926
0766
1027
1047
1340
1241
1364
1342
1865
1008
1932
0920
0393
0451
0559
0311
0482
0713
1344
1052
1757
1328
1976
0819
1602
1269
0993
1798
0787
1559
0544
0324
0617
1657
0876
0845
0379
0385
0309
1577
1652
1625
1554
0910
1333
1540
1113
1438
1037
1130
1519
0373
0889
1593
0957
0325
1168
0700
1392
1123
0791
0382
0619
0461
1139
0757
0726
0308
1719
1509
1514
1839
1195
1779
1374
0488
0808
1422
0682
1040
0463
1176
1545
1791
1998
1026
1167
1151
0306
0468
1229
1888
1806
1591
0917
0388
0387
1760
1023
1305
1020
0280
1421
1170
1581
0695
1309
1425
0969
0805
0979
0676
1303
2012
1492
0989
1042
1739
0864
1985
0714
1566
1698
1693
1291
0334
0543
0968
0579
1573
0849
1493
1999
0931
1315
